time;acc_x;acc_y;acc_z;gyro_x;gyro_y;gyro_z
22006;6.3734;-9.6534;2.7845;1.4209;0.2631;-0.6233
22015;5.6838;-9.2105;3.1268;1.515;0.2463;-0.6221
22024;5.4037;-8.9328;3.3878;1.5913;0.2333;-0.6119
22033;5.5091;-8.5042;3.4069;1.5804;0.2407;-0.5879
22042;5.9089;-8.3318;3.2106;1.524;0.2426;-0.6029
22051;6.5194;-8.1331;3.0478;1.4249;0.2515;-0.6054
22060;7.2592;-7.9272;2.3679;1.3315;0.2583;-0.6139
22069;7.7907;-7.9607;1.8531;1.2225;0.2815;-0.6067
22078;8.3845;-8.1882;1.743;1.1058;0.3174;-0.5517
22087;8.3486;-8.8873;1.0295;0.9445;0.3668;-0.4241
22096;8.4851;-9.4164;-0.723;0.6953;0.4279;-0.2399
22105;8.6694;-11.4491;-0.656;0.5588;0.5023;-0.0545
22114;8.2384;-15.3851;0.68;0.5833;0.5411;0.1374
22123;8.3055;-18.9717;0.984;0.706;0.5589;0.3126
22132;8.1355;-21.6627;1.4389;1.0591;0.5737;0.4627
22141;7.2257;-22.5103;2.0111;1.6557;0.578;0.5822
22150;5.7078;-20.5925;2.0375;2.2881;0.5319;0.5802
22159;4.549;-17.4633;1.9848;2.6296;0.497;0.4731
22168;3.7445;-14.2096;2.0853;2.5806;0.4231;0.3348
22177;3.2896;-11.6574;3.0837;2.3365;0.2798;0.1404
22186;3.462;-10.6039;4.6783;2.0146;0.0745;-0.0671
22195;3.4165;-10.3789;6.0813;1.6788;-0.138;-0.255
22204;2.7964;-11.3078;6.6679;1.2508;-0.3349;-0.4174
22213;2.1883;-12.7946;6.4284;0.7783;-0.4942;-0.5317
22222;2.2913;-15.2247;6.6966;0.4189;-0.6764;-0.6659
22231;3.2178;-17.6213;7.1395;0.2212;-0.8382;-0.7746
22240;4.695;-19.8479;7.0701;0.1753;-0.9128;-0.7633
22249;6.4955;-20.8487;7.0413;0.2835;-0.9281;-0.6917
22258;7.6447;-20.4608;6.3327;0.474;-0.8985;-0.581
22267;8.3438;-19.5918;6.0094;0.5513;-0.8379;-0.4768
22276;8.7867;-18.7945;6.2297;0.4976;-0.7569;-0.3772
22285;8.9232;-18.5838;6.5194;0.4263;-0.6536;-0.31
22294;8.916;-18.433;7.027;0.3918;-0.5569;-0.2658
22303;8.6981;-18.5383;7.1706;0.3248;-0.4497;-0.231
22312;8.2648;-18.7179;7.0892;0.2614;-0.3706;-0.2168
22321;7.9511;-19.4074;7.3646;0.2942;-0.3092;-0.2005
22330;7.4124;-19.8336;7.7452;0.4211;-0.2739;-0.1935
22339;7.2281;-20.5135;7.5633;0.571;-0.231;-0.1665
22348;7.1539;-20.7194;6.7253;0.6844;-0.2089;-0.1613
22357;7.4196;-20.808;6.3638;0.7709;-0.1764;-0.1488
22366;7.3933;-20.6715;5.3463;0.84;-0.1728;-0.118
22375;7.8578;-20.1209;4.9153;0.9385;-0.1368;-0.0866
22384;7.5705;-20.1831;4.7764;1.1251;-0.1553;-0.057
22393;6.8331;-20.4441;4.6902;1.2788;-0.1958;0.0975
22402;6.6607;-20.2382;5.7964;1.5274;-0.1958;0.2065
22411;6.948;-21.0618;10.3358;2.0805;-0.1336;0.2129
22420;9.0309;-22.1966;13.1418;2.7876;-0.0632;-0.0701
22429;11.066;-22.5534;8.8897;3.0148;-0.0963;-0.4253
22438;14.7986;-21.792;4.8028;2.8725;-0.0498;-0.6796
22447;17.3173;-22.1128;3.1627;2.691;0.0297;-0.8262
22456;16.9126;-21.2988;4.2449;2.7851;0.1175;-0.8751
22465;18.5479;-21.3682;17.1736;4.0;0.1143;-0.9004
22474;20.6524;-23.0466;28.5844;4.3656;0.1486;-0.9871
22483;14.2407;-24.8207;24.2126;4.3656;0.2505;-0.3347
22492;1.2594;-24.6962;15.5886;4.3656;1.4224;0.7264
22501;-10.2376;-19.3906;18.2151;4.3656;1.6952;1.3992
22510;-8.5856;-12.4307;10.7236;4.3656;0.7237;1.5408
22519;-4.719;-9.1554;5.4444;4.3656;-0.1139;1.5636
22528;-2.4445;-7.4005;5.2553;4.3656;-0.7194;1.6474
22537;-0.7063;-6.28;4.1707;4.3656;-1.2524;1.7756
22546;1.257;-4.6783;1.3431;4.3656;-1.7688;1.9137
22634;14.7052;6.3829;-5.9783;-0.1832;-0.8104;-3.512
22643;16.0148;8.7293;-4.537;-0.899;0.441;-3.9719
22652;13.7978;8.9591;-4.9967;-0.93;2.2488;-3.7654
22661;13.8529;12.7611;-3.4572;-0.1816;3.7382;-2.7875
22670;14.3748;16.4793;-1.4293;0.7009;4.3656;-0.8126
22679;20.1879;13.9654;-9.0501;0.0663;4.3656;1.1934
22688;19.4194;7.7333;-13.2423;-2.0396;4.3656;1.2605
22697;15.7706;2.9975;-10.4387;-3.8399;4.3656;0.8131
22706;12.378;-0.7925;-5.4396;-4.3657;4.3656;0.5613
22715;10.4052;-1.7741;-1.4461;-4.3657;4.3656;0.3325
22724;8.8849;-2.6193;0.6416;-3.9391;4.3656;-0.0222
22733;7.1706;-2.7892;2.0901;-3.5153;4.0229;-0.4277
22742;5.5354;-3.0837;3.1101;-3.0963;3.6457;-0.7878
22751;4.0366;-3.6775;4.8171;-2.804;3.1437;-1.0724
22760;3.1532;-2.9975;5.9233;-2.6044;2.5992;-1.2769
22769;1.573;-3.1268;8.2337;-2.3619;2.051;-1.4456
22778;0.5722;-2.3607;9.7133;-2.1117;1.6132;-1.6196
22787;-0.6393;-1.3743;9.8497;-2.0098;1.3688;-1.7758
22796;-1.6328;-0.6057;9.0764;-1.9713;1.2628;-2.0078
22805;-2.4541;-0.2777;7.7883;-1.8975;1.2364;-2.2627
22814;-4.8076;-1.3647;5.9903;-1.8153;1.2151;-2.2597
22823;-7.2065;-1.6161;3.9265;-1.724;1.2981;-2.0423
22832;-11.406;-1.9178;0.1628;-1.9565;1.1503;-1.4951
22841;-15.2295;0.3184;1.9968;-2.672;1.4092;-0.7967
22850;-19.3284;1.6616;5.77;-3.2969;1.7612;-0.385
22859;-20.8439;1.4748;13.1992;-3.592;1.6385;0.0671
22868;-18.1026;-1.798;20.8032;-3.4098;0.9025;0.595
22877;-16.6612;-8.6503;34.1964;-2.0968;-0.1998;1.4392
22886;-18.5838;-12.9526;40.5195;0.0644;-1.8038;2.6236
22895;-23.6834;-11.4754;38.992;1.7208;-3.2836;3.5963
22904;-20.3363;-7.2185;25.448;1.7134;-3.9932;3.9652
22913;-17.4729;-5.1978;14.8536;0.9389;-4.2209;3.8329
22922;-14.1354;-3.2585;9.6007;0.2782;-3.9179;3.336
22931;-10.7452;-1.9752;7.252;-0.2273;-3.0429;2.578
22940;-7.4747;-1.8268;8.0541;-0.4772;-2.6155;1.9452
22949;-4.0486;-1.6544;8.8777;-0.5576;-2.5154;1.55
22958;2.2984;-1.731;7.513;-0.633;-2.6898;1.3382
22967;7.2927;-2.9209;4.7621;-0.7254;-2.7833;1.2939
22976;10.4076;-4.2617;2.9042;-0.8374;-2.5123;1.3343
22985;13.0436;-5.0278;2.5929;-0.9976;-2.392;1.3809
22994;14.8345;-5.6383;3.9241;-1.1061;-2.4852;1.315
