time;acc_x;acc_y;acc_z;gyro_x;gyro_y;gyro_z
50010;2.0662;-11.2456;6.9791;-0.2029;0.0802;-0.0795
50019;1.9201;-11.0277;6.9408;-0.2224;0.0902;-0.0698
50032;1.5754;-11.327;6.9911;-0.2477;0.0786;-0.0766
50041;1.6041;-11.3701;6.8881;-0.2577;0.0548;-0.0973
50050;1.6281;-11.3318;6.699;-0.2606;0.0552;-0.1112
50062;1.4198;-11.6789;6.7876;-0.2304;0.0449;-0.1187
50071;1.7406;-11.6717;6.6176;-0.1787;0.0666;-0.1046
50084;1.9561;-11.2887;6.4859;-0.1244;0.124;-0.0831
50093;1.9082;-11.3126;6.5505;-0.1017;0.1932;-0.0614
50105;1.9896;-11.3174;6.517;-0.06;0.2633;-0.0357
50114;1.7119;-11.5305;6.6631;-0.0553;0.3199;-0.0191
50127;1.5682;-11.4275;6.8187;-0.0661;0.3765;-0.0088
50136;1.1971;-11.5831;6.7924;-0.0799;0.3756;-0.0234
50148;0.6919;-11.8848;6.4955;-0.1342;0.3738;-0.0465
50157;0.4334;-12.1865;6.6176;-0.1655;0.3588;-0.0775
50166;0.2897;-12.4211;6.6463;-0.1889;0.3138;-0.1368
50179;0.0239;-12.1721;6.6439;-0.1867;0.2481;-0.2284
50188;0.067;-11.4706;6.529;-0.176;0.2116;-0.2783
50200;0.2969;-10.7715;6.28;-0.1813;0.1757;-0.3262
50209;0.419;-10.2544;6.2608;-0.2082;0.1663;-0.3447
50279;0.1197;-10.8338;6.1052;-0.2819;0.1356;-0.2657
50288;0.1772;-11.1498;6.0932;-0.2818;0.1156;-0.2661
50300;0.6057;-11.394;6.1555;-0.2645;0.122;-0.2755
50309;0.7254;-11.5329;6.2058;-0.2517;0.1251;-0.2843
50322;1.0726;-11.5448;6.1507;-0.2543;0.1474;-0.3019
50331;1.0391;-11.5281;6.2106;-0.2731;0.1681;-0.3111
50340;1.245;-11.4826;6.2225;-0.2769;0.1891;-0.3271
50352;1.1277;-11.3461;6.292;-0.2999;0.2206;-0.3323
50361;1.1205;-11.3365;6.3111;-0.3046;0.2372;-0.3575
50374;0.8547;-11.4347;6.4643;-0.326;0.2749;-0.3922
50383;0.8691;-11.3485;6.3494;-0.3471;0.2984;-0.419
50395;0.8284;-11.2527;6.1723;-0.3808;0.3174;-0.4872
50404;0.8164;-11.4874;6.1124;-0.4016;0.3292;-0.5389
50417;1.0032;-11.734;6.0286;-0.4141;0.3134;-0.6034
50426;1.3216;-11.5999;5.6192;-0.4262;0.304;-0.619
50438;1.3144;-12.0907;5.5737;-0.4253;0.2787;-0.613
50447;1.6376;-12.1602;5.6886;-0.4126;0.2703;-0.5785
50456;1.8435;-12.2655;5.8754;-0.4064;0.2753;-0.5217
50469;1.7478;-12.3254;5.9616;-0.4008;0.2996;-0.4326
50478;2.0087;-12.1745;6.0166;-0.4068;0.3385;-0.3962
50490;1.9872;-12.0404;5.7988;-0.4234;0.4038;-0.3852
50499;1.7286;-12.232;5.6719;-0.4362;0.4582;-0.4143
50569;1.6999;-13.8529;4.64;-0.5289;0.5677;-0.8535
50578;1.4054;-13.8672;4.5825;-0.5239;0.5524;-0.8823
50590;1.324;-13.6565;4.3503;-0.5401;0.5388;-0.9036
50599;1.3479;-13.5201;4.039;-0.5653;0.5207;-0.8949
50612;1.2163;-13.6374;3.5961;-0.5938;0.4814;-0.888
50621;1.336;-13.8217;3.6344;-0.5848;0.4638;-0.8751
50630;0.9649;-14.1665;3.6679;-0.5748;0.4425;-0.8418
50642;1.0104;-14.3461;3.5027;-0.5561;0.3908;-0.7902
50651;1.0127;-14.6621;3.5338;-0.5309;0.3728;-0.7396
50664;0.9074;-14.8464;3.4429;-0.4826;0.3379;-0.6764
50673;0.8906;-15.1673;3.3926;-0.4431;0.3131;-0.6515
50685;1.0558;-15.2535;3.5745;-0.3926;0.2884;-0.6218
50694;1.2713;-15.05;3.45;-0.3627;0.2634;-0.6193
50707;1.5107;-14.9877;3.2489;-0.3343;0.2333;-0.6269
50716;1.6448;-15.0811;3.3255;-0.3087;0.2273;-0.6147
50725;1.8435;-14.9805;3.304;-0.2757;0.2217;-0.6197
50737;2.0279;-14.7962;3.4548;-0.2503;0.2392;-0.6062
50746;2.2434;-14.4825;3.565;-0.228;0.2446;-0.6118
50759;1.968;-14.4083;3.4453;-0.2301;0.2513;-0.6115
50768;1.9561;-14.3796;3.5602;-0.227;0.2483;-0.6203
50780;1.7262;-14.4658;3.6152;-0.2034;0.2186;-0.636
50789;1.5251;-14.619;3.711;-0.174;0.174;-0.6496
50859;1.6783;-14.4921;3.9935;-0.0048;-0.3048;-0.3505
50868;2.1069;-14.3724;3.8355;-0.0087;-0.3332;-0.3044
50880;2.4445;-14.1833;3.9241;-0.0262;-0.3405;-0.2407
50889;2.739;-14.1617;4.0151;-0.0318;-0.3371;-0.2102
50902;3.1723;-14.1402;4.1994;-0.0278;-0.2952;-0.1697
50911;3.2394;-14.1833;4.2497;-0.0141;-0.2533;-0.1667
50920;3.5075;-13.884;4.2425;-0.0084;-0.2064;-0.1695
50931;3.5698;-14.0252;4.3239;0.0024;-0.1516;-0.1923
50940;3.4524;-14.1282;4.2473;-0.0105;-0.0915;-0.1989
50954;3.3591;-14.3221;4.5466;-0.0294;-0.0381;-0.2386
50963;3.067;-14.5113;4.3718;-0.044;-0.0272;-0.2639
50976;2.8922;-14.6717;4.6136;-0.0506;-0.0309;-0.2892
50985;2.7366;-14.5184;4.7884;-0.067;-0.0345;-0.2821
50997;2.5905;-14.1737;4.6376;-0.1061;-0.0477;-0.2778
